; F1 Pit Stop Duration — 253 training samples
; Generated by f1_pitstop_prep.py
; Duration range: 17.72s – 44.50s
; Decode: predicted_s = value * 26.7800 + 17.7190

; Architecture descriptor for TNDEEP in RV:
; [n_layers=3, h1=16, act1=ReLU, h2=8, act2=ReLU, h3=1, act3=ReLU]
@arch shape=7 dtype=f32 data=3,16,0,8,0,1,1

@w1 shape=12,16 dtype=f32 data=0.720171,0.163364,0.399568,0.914841,0.762427,-0.398972,0.387872,-0.061791,-0.042139,0.167626,0.058806,0.593705,0.310692,0.049674,0.181206,0.136222,0.609955,-0.083756,0.127809,-0.348683,-1.042254,0.266839,0.352905,-0.302988,0.926623,-0.593742,0.018681,-0.076417,0.625754,0.599863,0.063257,0.154384,-0.362437,-0.808657,-0.142035,0.063829,0.502264,0.490870,-0.158126,-0.123415,-0.428070,-0.579720,-0.696582,0.796401,-0.208065,-0.178843,-0.511452,0.317409,-0.658871,-0.086851,-0.365573,0.157952,-0.208535,-0.481991,-0.011505,0.174866,0.027156,0.123484,-0.258961,-0.148088,-0.274531,-0.146787,-0.331966,-0.704752,0.072434,-0.164026,-0.665526,0.188930,-0.370403,0.021207,0.297650,0.052657,0.465158,-0.504116,0.164255,-0.279573,-0.355501,-0.236314,-0.127191,0.022929,-0.475670,0.367761,0.190106,-0.627169,0.607576,0.773993,0.481235,-0.073454,-0.437133,0.430478,-0.164596,0.499061,0.085028,0.398711,0.145486,0.288457,0.004287,0.729079,0.051812,0.164111,0.768793,-0.550220,-0.518673,0.395755,-0.478926,0.793480,-0.168859,-0.305147,0.785038,0.604418,0.762428,0.369891,-0.351594,0.779781,-0.109412,0.327601,0.386714,-0.063283,0.250697,0.376489,0.153675,-0.448828,0.121755,0.541495,-0.283556,-0.061088,-0.177651,0.754959,0.274463,0.166346,-0.314317,0.220148,-0.275295,0.012995,-0.259583,0.276153,0.235392,-0.085038,0.161669,-0.446240,-0.608803,0.179381,0.068044,0.259250,0.972915,0.385582,-0.372658,0.456020,-0.537217,-0.188441,-0.027860,0.699469,-0.304045,-0.337392,-0.040193,-0.270864,0.459947,-0.440880,-0.468452,-0.178739,-0.203321,0.787728,0.387599,0.035743,-0.500282,0.344710,-0.408336,-0.630650,0.485011,0.129391,0.375939,0.130120,0.349800,-0.265780,-0.422228,0.278260,-0.327991,-0.281508,-0.185970,0.007136,-0.144517,-0.561321,-0.262756,-0.907701,0.255250,-0.654037,-0.450863,0.021296,-0.301925,0.629933,-0.527807,0.109023
@b1 shape=1,16 dtype=f32 data=0.000000,0.000000,0.000000,0.000000,0.000000,0.000000,0.000000,0.000000,0.000000,0.000000,0.000000,0.000000,0.000000,0.000000,0.000000,0.000000
@w2 shape=16,8 dtype=f32 data=-0.013889,-0.412983,0.185006,-0.060651,0.272869,0.291153,0.764819,0.472534,-0.130525,-0.084633,0.388788,0.231671,0.226321,-0.571680,-0.008601,-0.260933,0.098968,-0.034701,0.321797,0.112154,0.278009,-0.164904,-0.333912,-0.144974,-0.006018,0.134050,0.798786,-0.014940,-0.337978,-0.122323,-0.163906,0.170229,-0.544754,0.022366,0.055333,0.082088,-0.211183,-0.084118,-0.503482,-0.174415,-0.191931,0.147096,-0.408772,0.276195,0.528380,-0.731850,0.150705,0.239323,-0.225368,-0.140457,-0.046980,-0.105285,-0.109253,-0.592557,0.407411,0.381703,-0.287568,-0.518459,0.184224,-0.203572,0.050188,-0.112900,0.244496,0.245631,-0.256537,-0.489093,-0.559653,0.215802,-0.420325,-0.179187,-0.210829,-0.018585,-0.684578,0.066743,0.185223,0.031262,-0.109915,0.034436,0.141084,-0.980260,0.691519,0.137919,-0.230661,-0.138223,0.174564,-0.041049,-0.717955,0.729908,-0.039082,0.360686,-0.244677,0.543191,0.101238,0.215259,-0.369553,0.428205,0.243888,0.460272,-0.222062,-0.170069,0.814558,-0.374772,-0.048065,0.401952,0.034551,0.206105,-0.141227,0.130835,-0.461927,0.586238,-0.041777,-0.240479,0.235602,-0.162889,-0.471732,-0.476137,0.245286,-0.056418,-0.047271,0.381040,-0.398393,-0.258334,-0.136076,0.033358,-0.014910,-0.101430,-0.021788,-0.037938
@b2 shape=1,8 dtype=f32 data=0.000000,0.000000,0.000000,0.000000,0.000000,0.000000,0.000000,0.000000
@w3 shape=8,1 dtype=f32 data=-0.359802,-0.406496,0.137258,-0.445458,-0.578678,-0.156146,-0.078834,1.128362
@b3 shape=1,1 dtype=f32 data=0.000000

@training_data shape=253,12 dtype=f32 data=1.000000,0.000000,0.000000,0.000000,0.000000,1.000000,0.000000,0.000000,0.000000,0.000000,0.245614,0.096774,1.000000,0.000000,0.000000,0.000000,0.000000,0.000000,0.000000,1.000000,0.000000,0.000000,0.631579,0.055300,1.000000,0.000000,0.000000,0.000000,0.000000,0.000000,0.000000,1.000000,0.000000,0.000000,0.157895,0.110599,0.000000,0.000000,1.000000,0.000000,0.000000,0.000000,0.000000,1.000000,0.000000,0.000000,0.438596,0.069124,0.000000,0.000000,1.000000,0.000000,0.000000,1.000000,0.000000,0.000000,0.000000,0.000000,0.701754,0.046083,1.000000,0.000000,0.000000,0.000000,0.000000,1.000000,0.000000,0.000000,0.000000,0.000000,0.298246,0.087558,1.000000,0.000000,0.000000,0.000000,0.000000,0.000000,0.000000,1.000000,0.000000,0.000000,0.596491,0.055300,1.000000,0.000000,0.000000,0.000000,0.000000,0.000000,0.000000,1.000000,0.000000,0.000000,0.245614,0.096774,0.000000,0.000000,1.000000,0.000000,0.000000,0.000000,0.000000,1.000000,0.000000,0.000000,0.596491,0.055300,1.000000,0.000000,0.000000,0.000000,0.000000,0.000000,0.000000,1.000000,0.000000,0.000000,0.228070,0.096774,0.000000,0.000000,1.000000,0.000000,0.000000,0.000000,0.000000,1.000000,0.000000,0.000000,0.578947,0.055300,1.000000,0.000000,0.000000,0.000000,0.000000,0.000000,0.000000,1.000000,0.000000,0.000000,0.263158,0.096774,0.000000,0.000000,1.000000,0.000000,0.000000,0.000000,0.000000,1.000000,0.000000,0.000000,0.526316,0.059908,1.000000,0.000000,0.000000,0.000000,0.000000,1.000000,0.000000,0.000000,0.000000,0.000000,0.210526,0.096774,1.000000,0.000000,0.000000,0.000000,0.000000,0.000000,0.000000,1.000000,0.000000,0.000000,0.526316,0.059908,0.000000,0.000000,1.000000,0.000000,0.000000,1.000000,0.000000,0.000000,0.000000,0.000000,0.701754,0.046083,0.000000,0.000000,1.000000,0.000000,0.000000,0.000000,0.000000,1.000000,0.000000,0.000000,0.263158,0.096774,0.000000,0.000000,1.000000,0.000000,0.000000,1.000000,0.000000,0.000000,0.000000,0.000000,0.508772,0.064516,1.000000,0.000000,0.000000,0.000000,0.000000,1.000000,0.000000,0.000000,0.000000,0.000000,0.701754,0.041475,1.000000,0.000000,0.000000,0.000000,0.000000,0.000000,0.000000,1.000000,0.000000,0.000000,0.192982,0.101383,0.000000,0.000000,1.000000,0.000000,0.000000,0.000000,0.000000,1.000000,0.000000,0.000000,0.473684,0.069124,1.000000,0.000000,0.000000,0.000000,0.000000,0.000000,0.000000,1.000000,0.000000,0.000000,0.175439,0.101383,0.000000,0.000000,1.000000,0.000000,0.000000,0.000000,0.000000,1.000000,0.000000,0.000000,0.456140,0.069124,0.000000,0.000000,1.000000,0.000000,0.000000,1.000000,0.000000,0.000000,0.000000,0.000000,0.701754,0.046083,1.000000,0.000000,0.000000,0.000000,0.000000,1.000000,0.000000,0.000000,0.000000,0.000000,0.192982,0.101383,1.000000,0.000000,0.000000,0.000000,0.000000,0.000000,0.000000,1.000000,0.000000,0.000000,0.456140,0.069124,0.000000,0.000000,1.000000,0.000000,0.000000,1.000000,0.000000,0.000000,0.000000,0.000000,0.701754,0.046083,1.000000,0.000000,0.000000,0.000000,0.000000,0.000000,0.000000,1.000000,0.000000,0.000000,0.210526,0.096774,0.000000,0.000000,1.000000,0.000000,0.000000,1.000000,0.000000,0.000000,0.000000,0.000000,0.561404,0.055300,1.000000,0.000000,0.000000,0.000000,0.000000,1.000000,0.000000,0.000000,0.000000,0.000000,0.947368,0.018433,1.000000,0.000000,0.000000,0.000000,0.000000,0.000000,0.000000,1.000000,0.000000,0.000000,0.192982,0.101383,0.000000,0.000000,1.000000,0.000000,0.000000,0.000000,0.000000,1.000000,0.000000,0.000000,0.456140,0.069124,0.000000,0.000000,1.000000,0.000000,0.000000,1.000000,0.000000,0.000000,0.000000,0.000000,0.701754,0.041475,1.000000,0.000000,0.000000,0.000000,0.000000,0.000000,0.000000,1.000000,0.000000,0.000000,0.210526,0.096774,0.000000,0.000000,1.000000,0.000000,0.000000,0.000000,0.000000,1.000000,0.000000,0.000000,0.263158,0.096774,0.000000,0.000000,1.000000,0.000000,0.000000,0.000000,0.000000,1.000000,0.000000,0.000000,0.561404,0.055300,1.000000,0.000000,0.000000,0.000000,0.000000,0.000000,0.000000,1.000000,0.000000,0.000000,0.175439,0.101383,0.000000,0.000000,1.000000,0.000000,0.000000,1.000000,0.000000,0.000000,0.000000,0.000000,0.298246,0.087558,1.000000,0.000000,0.000000,0.000000,0.000000,0.000000,1.000000,0.000000,0.000000,0.000000,0.473684,0.069124,0.000000,1.000000,0.000000,0.000000,0.000000,0.000000,0.000000,1.000000,0.000000,0.000000,0.649123,0.050691,0.000000,0.000000,1.000000,0.000000,0.000000,1.000000,0.000000,0.000000,0.000000,0.000000,0.824561,0.027650,1.000000,0.000000,0.000000,0.000000,0.000000,1.000000,0.000000,0.000000,0.000000,0.000000,0.947368,0.013825,1.000000,0.000000,0.000000,0.000000,0.000000,0.000000,0.000000,1.000000,0.000000,0.000000,0.210526,0.096774,0.000000,0.000000,1.000000,0.000000,0.000000,0.000000,0.000000,1.000000,0.000000,0.000000,0.526316,0.059908,1.000000,0.000000,0.000000,0.000000,0.000000,0.000000,0.000000,1.000000,0.000000,0.000000,0.228070,0.096774,0.000000,0.000000,1.000000,0.000000,0.000000,0.000000,0.000000,1.000000,0.000000,0.000000,0.543860,0.055300,1.000000,0.000000,0.000000,0.000000,0.000000,0.000000,0.000000,1.000000,0.000000,0.000000,0.228070,0.096774,0.000000,0.000000,1.000000,0.000000,0.000000,0.000000,0.000000,1.000000,0.000000,0.000000,0.543860,0.055300,1.000000,0.000000,0.000000,0.000000,0.000000,0.000000,0.000000,1.000000,0.000000,0.000000,0.192982,0.101383,0.000000,0.000000,1.000000,0.000000,0.000000,0.000000,0.000000,1.000000,0.000000,0.000000,0.508772,0.059908,0.000000,1.000000,0.000000,0.000000,0.000000,0.000000,0.000000,1.000000,0.000000,0.000000,0.360000,0.133641,0.000000,1.000000,0.000000,0.000000,0.000000,0.000000,0.000000,1.000000,0.000000,0.000000,0.280000,0.138249,0.000000,1.000000,0.000000,0.000000,0.000000,0.000000,0.000000,1.000000,0.000000,0.000000,0.360000,0.133641,0.000000,1.000000,0.000000,0.000000,0.000000,0.000000,0.000000,1.000000,0.000000,0.000000,0.360000,0.133641,1.000000,0.000000,0.000000,0.000000,0.000000,0.000000,0.000000,1.000000,0.000000,0.000000,0.320000,0.138249,0.000000,1.000000,0.000000,0.000000,0.000000,0.000000,0.000000,1.000000,0.000000,0.000000,0.260000,0.138249,0.000000,0.000000,1.000000,0.000000,0.000000,0.000000,1.000000,0.000000,0.000000,0.000000,0.360000,0.129032,0.000000,1.000000,0.000000,0.000000,0.000000,0.000000,0.000000,1.000000,0.000000,0.000000,0.160000,0.147465,0.000000,1.000000,0.000000,0.000000,0.000000,0.000000,0.000000,1.000000,0.000000,0.000000,0.340000,0.142857,0.000000,1.000000,0.000000,0.000000,0.000000,0.000000,0.000000,1.000000,0.000000,0.000000,0.340000,0.142857,0.000000,1.000000,0.000000,0.000000,0.000000,0.000000,0.000000,1.000000,0.000000,0.000000,0.340000,0.142857,0.000000,1.000000,0.000000,0.000000,0.000000,0.000000,0.000000,1.000000,0.000000,0.000000,0.220000,0.152074,0.000000,0.000000,1.000000,0.000000,0.000000,0.000000,1.000000,0.000000,0.000000,0.000000,0.360000,0.129032,0.000000,1.000000,0.000000,0.000000,0.000000,0.000000,0.000000,1.000000,0.000000,0.000000,0.220000,0.152074,0.000000,1.000000,0.000000,0.000000,0.000000,0.000000,0.000000,1.000000,0.000000,0.000000,0.320000,0.142857,1.000000,0.000000,0.000000,0.000000,0.000000,0.000000,0.000000,1.000000,0.000000,0.000000,0.040000,0.161290,0.000000,0.000000,1.000000,0.000000,0.000000,0.000000,1.000000,0.000000,0.000000,0.000000,0.380000,0.124424,0.000000,0.000000,1.000000,0.000000,0.000000,0.000000,1.000000,0.000000,0.000000,0.000000,0.360000,0.133641,0.000000,1.000000,0.000000,0.000000,0.000000,0.000000,0.000000,1.000000,0.000000,0.000000,0.300000,0.142857,0.000000,1.000000,0.000000,0.000000,0.000000,0.000000,0.000000,1.000000,0.000000,0.000000,0.360000,0.133641,0.000000,1.000000,0.000000,0.000000,0.000000,0.000000,0.000000,1.000000,0.000000,0.000000,0.180000,0.138249,0.000000,0.000000,1.000000,0.000000,0.000000,0.000000,1.000000,0.000000,0.000000,0.000000,0.340000,0.142857,0.000000,1.000000,0.000000,0.000000,0.000000,1.000000,0.000000,0.000000,0.000000,0.000000,0.700000,0.087558,0.000000,1.000000,0.000000,0.000000,0.000000,0.000000,0.000000,1.000000,0.000000,0.000000,0.020000,0.152074,0.000000,0.000000,1.000000,0.000000,0.000000,0.000000,1.000000,0.000000,0.000000,0.000000,0.017241,0.267281,0.000000,1.000000,0.000000,0.000000,0.000000,0.000000,0.000000,1.000000,0.000000,0.000000,0.034483,0.267281,0.000000,0.000000,1.000000,0.000000,0.000000,0.000000,1.000000,0.000000,0.000000,0.000000,0.017241,0.267281,0.000000,1.000000,0.000000,0.000000,0.000000,0.000000,0.000000,1.000000,0.000000,0.000000,0.034483,0.267281,0.000000,1.000000,0.000000,0.000000,0.000000,0.000000,0.000000,1.000000,0.000000,0.000000,0.620690,0.082949,0.000000,1.000000,0.000000,0.000000,0.000000,0.000000,0.000000,1.000000,0.000000,0.000000,0.120690,0.244240,0.000000,1.000000,0.000000,0.000000,0.000000,1.000000,0.000000,0.000000,0.000000,0.000000,0.775862,0.046083,0.000000,0.000000,1.000000,0.000000,0.000000,1.000000,0.000000,0.000000,0.000000,0.000000,0.931035,0.000000,1.000000,0.000000,0.000000,0.000000,0.000000,0.000000,0.000000,1.000000,0.000000,0.000000,0.017241,0.267281,0.000000,0.000000,1.000000,0.000000,0.000000,1.000000,0.000000,0.000000,0.000000,0.000000,0.931035,0.000000,1.000000,0.000000,0.000000,0.000000,0.000000,0.000000,0.000000,1.000000,0.000000,0.000000,0.017241,0.276498,0.000000,1.000000,0.000000,0.000000,0.000000,0.000000,0.000000,1.000000,0.000000,0.000000,0.120690,0.244240,0.000000,1.000000,0.000000,0.000000,0.000000,0.000000,0.000000,1.000000,0.000000,0.000000,0.120690,0.244240,1.000000,0.000000,0.000000,0.000000,0.000000,0.000000,0.000000,1.000000,0.000000,0.000000,0.017241,0.267281,0.000000,0.000000,1.000000,0.000000,0.000000,1.000000,0.000000,0.000000,0.000000,0.000000,0.913793,0.023041,0.000000,0.000000,1.000000,0.000000,0.000000,1.000000,0.000000,0.000000,0.000000,0.000000,0.931035,0.023041,0.000000,1.000000,0.000000,0.000000,0.000000,0.000000,0.000000,1.000000,0.000000,0.000000,0.196078,0.658986,0.000000,1.000000,0.000000,0.000000,0.000000,0.000000,0.000000,1.000000,0.000000,0.000000,0.098039,0.686636,0.000000,0.000000,1.000000,0.000000,0.000000,0.000000,0.000000,1.000000,0.000000,0.000000,0.450980,0.548387,0.000000,1.000000,0.000000,0.000000,0.000000,0.000000,0.000000,1.000000,0.000000,0.000000,0.215686,0.580645,0.000000,1.000000,0.000000,0.000000,0.000000,0.000000,0.000000,1.000000,0.000000,0.000000,0.215686,0.580645,0.000000,1.000000,0.000000,0.000000,0.000000,0.000000,0.000000,1.000000,0.000000,0.000000,0.215686,0.580645,0.000000,1.000000,0.000000,0.000000,0.000000,0.000000,0.000000,1.000000,0.000000,0.000000,0.215686,0.576037,0.000000,1.000000,0.000000,0.000000,0.000000,0.000000,0.000000,1.000000,0.000000,0.000000,0.156863,0.626728,0.000000,1.000000,0.000000,0.000000,0.000000,0.000000,0.000000,1.000000,0.000000,0.000000,0.196078,0.658986,0.000000,1.000000,0.000000,0.000000,0.000000,0.000000,0.000000,1.000000,0.000000,0.000000,0.156863,0.626728,0.000000,1.000000,0.000000,0.000000,0.000000,0.000000,0.000000,1.000000,0.000000,0.000000,0.137255,0.612903,0.000000,1.000000,0.000000,0.000000,0.000000,0.000000,0.000000,1.000000,0.000000,0.000000,0.215686,0.576037,0.000000,0.000000,1.000000,0.000000,0.000000,1.000000,0.000000,0.000000,0.000000,0.000000,0.960784,0.308756,0.000000,0.000000,1.000000,0.000000,0.000000,1.000000,0.000000,0.000000,0.000000,0.000000,0.980392,0.308756,0.000000,1.000000,0.000000,0.000000,0.000000,0.000000,0.000000,1.000000,0.000000,0.000000,0.176471,0.635945,0.000000,1.000000,0.000000,0.000000,0.000000,0.000000,0.000000,1.000000,0.000000,0.000000,0.176471,0.635945,0.000000,1.000000,0.000000,0.000000,0.000000,0.000000,0.000000,1.000000,0.000000,0.000000,0.215686,0.580645,0.000000,1.000000,0.000000,0.000000,0.000000,0.000000,0.000000,1.000000,0.000000,0.000000,0.215686,0.576037,0.000000,0.000000,1.000000,0.000000,0.000000,1.000000,0.000000,0.000000,0.000000,0.000000,0.960784,0.331797,0.000000,1.000000,0.000000,0.000000,0.000000,0.000000,0.000000,1.000000,0.000000,0.000000,0.117647,0.640553,0.000000,0.000000,1.000000,0.000000,0.000000,0.000000,0.000000,1.000000,0.000000,0.000000,0.235294,0.580645,0.000000,0.000000,1.000000,0.000000,0.000000,0.000000,1.000000,0.000000,0.000000,0.000000,0.666667,0.506912,0.000000,1.000000,0.000000,0.000000,0.000000,0.000000,0.000000,1.000000,0.000000,0.000000,0.156863,0.626728,0.000000,1.000000,0.000000,0.000000,0.000000,0.000000,0.000000,0.000000,1.000000,0.000000,0.705128,0.281106,0.000000,0.000000,1.000000,0.000000,0.000000,0.000000,1.000000,0.000000,0.000000,0.000000,0.602564,0.350230,0.000000,1.000000,0.000000,0.000000,0.000000,0.000000,0.000000,0.000000,1.000000,0.000000,0.692308,0.290323,0.000000,1.000000,0.000000,0.000000,0.000000,0.000000,0.000000,1.000000,0.000000,0.000000,0.012821,0.677419,0.000000,0.000000,1.000000,0.000000,0.000000,0.000000,1.000000,0.000000,0.000000,0.000000,0.435897,0.437788,0.000000,1.000000,0.000000,0.000000,0.000000,0.000000,0.000000,0.000000,1.000000,0.000000,0.679487,0.290323,0.000000,0.000000,0.000000,1.000000,0.000000,0.000000,0.000000,0.000000,0.000000,1.000000,0.730769,0.078341,0.000000,0.000000,0.000000,0.000000,1.000000,0.000000,0.000000,0.000000,1.000000,0.000000,0.897436,0.036866,0.000000,0.000000,1.000000,0.000000,0.000000,0.000000,1.000000,0.000000,0.000000,0.000000,0.692308,0.299539,0.000000,1.000000,0.000000,0.000000,0.000000,0.000000,0.000000,0.000000,1.000000,0.000000,0.705128,0.281106,0.000000,0.000000,1.000000,0.000000,0.000000,0.000000,1.000000,0.000000,0.000000,0.000000,0.564103,0.364055,0.000000,1.000000,0.000000,0.000000,0.000000,0.000000,0.000000,0.000000,1.000000,0.000000,0.705128,0.281106,0.000000,0.000000,1.000000,0.000000,0.000000,0.000000,0.000000,0.000000,1.000000,0.000000,0.653846,0.317972,0.000000,1.000000,0.000000,0.000000,0.000000,0.000000,0.000000,1.000000,0.000000,0.000000,0.256410,0.520737,0.000000,0.000000,1.000000,0.000000,0.000000,1.000000,0.000000,0.000000,0.000000,0.000000,0.294872,0.488479,1.000000,0.000000,0.000000,0.000000,0.000000,0.000000,0.000000,0.000000,1.000000,0.000000,0.666667,0.299539,0.000000,1.000000,0.000000,0.000000,0.000000,0.000000,0.000000,0.000000,1.000000,0.000000,0.679487,0.299539,0.000000,1.000000,0.000000,0.000000,0.000000,0.000000,0.000000,0.000000,1.000000,0.000000,0.679487,0.299539,0.000000,1.000000,0.000000,0.000000,0.000000,0.000000,0.000000,1.000000,0.000000,0.000000,0.230769,0.525346,0.000000,0.000000,1.000000,0.000000,0.000000,0.000000,0.000000,0.000000,1.000000,0.000000,0.666667,0.308756,1.000000,0.000000,0.000000,0.000000,0.000000,0.000000,0.000000,1.000000,0.000000,0.000000,0.012821,0.677419,0.000000,0.000000,1.000000,0.000000,0.000000,0.000000,0.000000,0.000000,1.000000,0.000000,0.666667,0.308756,0.000000,1.000000,0.000000,0.000000,0.000000,0.000000,0.000000,1.000000,0.000000,0.000000,0.012821,0.677419,0.000000,0.000000,1.000000,0.000000,0.000000,0.000000,0.000000,0.000000,1.000000,0.000000,0.692308,0.281106,0.000000,0.000000,0.000000,1.000000,0.000000,0.000000,0.000000,0.000000,0.000000,1.000000,0.756410,0.050691,0.000000,1.000000,0.000000,0.000000,0.000000,0.000000,0.000000,1.000000,0.000000,0.000000,0.410256,0.460830,0.000000,0.000000,1.000000,0.000000,0.000000,0.000000,0.000000,0.000000,1.000000,0.000000,0.692308,0.299539,0.000000,1.000000,0.000000,0.000000,0.000000,0.000000,0.000000,1.000000,0.000000,0.000000,0.641026,0.336406,0.000000,0.000000,1.000000,0.000000,0.000000,0.000000,0.000000,0.000000,1.000000,0.000000,0.692308,0.281106,0.000000,1.000000,0.000000,0.000000,0.000000,0.000000,0.000000,1.000000,0.000000,0.000000,0.397436,0.460830,0.000000,0.000000,1.000000,0.000000,0.000000,0.000000,0.000000,0.000000,1.000000,0.000000,0.692308,0.299539,0.000000,0.000000,1.000000,0.000000,0.000000,0.000000,1.000000,0.000000,0.000000,0.000000,0.423077,0.460830,0.000000,1.000000,0.000000,0.000000,0.000000,0.000000,0.000000,0.000000,1.000000,0.000000,0.705128,0.281106,0.000000,0.000000,1.000000,0.000000,0.000000,0.000000,0.000000,0.000000,1.000000,0.000000,0.692308,0.299539,0.000000,0.000000,1.000000,0.000000,0.000000,0.000000,0.000000,0.000000,1.000000,0.000000,0.653846,0.317972,0.000000,0.000000,1.000000,0.000000,0.000000,0.000000,0.000000,0.000000,1.000000,0.000000,0.692308,0.281106,0.000000,1.000000,0.000000,0.000000,0.000000,0.000000,0.000000,1.000000,0.000000,0.000000,0.393939,0.087558,0.000000,0.000000,1.000000,0.000000,0.000000,1.000000,0.000000,0.000000,0.000000,0.000000,0.787879,0.013825,1.000000,0.000000,0.000000,0.000000,0.000000,0.000000,1.000000,0.000000,0.000000,0.000000,0.363636,0.115207,0.000000,1.000000,0.000000,0.000000,0.000000,1.000000,0.000000,0.000000,0.000000,0.000000,0.757576,0.050691,1.000000,0.000000,0.000000,0.000000,0.000000,0.000000,1.000000,0.000000,0.000000,0.000000,0.378788,0.115207,0.000000,1.000000,0.000000,0.000000,0.000000,1.000000,0.000000,0.000000,0.000000,0.000000,0.681818,0.064516,0.000000,1.000000,0.000000,0.000000,0.000000,0.000000,0.000000,1.000000,0.000000,0.000000,0.409091,0.092166,0.000000,0.000000,1.000000,0.000000,0.000000,1.000000,0.000000,0.000000,0.000000,0.000000,0.757576,0.050691,1.000000,0.000000,0.000000,0.000000,0.000000,0.000000,1.000000,0.000000,0.000000,0.000000,0.227273,0.129032,0.000000,1.000000,0.000000,0.000000,0.000000,0.000000,0.000000,1.000000,0.000000,0.000000,0.621212,0.069124,1.000000,0.000000,0.000000,0.000000,0.000000,1.000000,0.000000,0.000000,0.000000,0.000000,0.212121,0.161290,1.000000,0.000000,0.000000,0.000000,0.000000,0.000000,0.000000,1.000000,0.000000,0.000000,0.515152,0.082949,1.000000,0.000000,0.000000,0.000000,0.000000,1.000000,0.000000,0.000000,0.000000,0.000000,0.287879,0.142857,1.000000,0.000000,0.000000,0.000000,0.000000,0.000000,0.000000,1.000000,0.000000,0.000000,0.666667,0.055300,1.000000,0.000000,0.000000,0.000000,0.000000,0.000000,1.000000,0.000000,0.000000,0.000000,0.196970,0.152074,0.000000,1.000000,0.000000,0.000000,0.000000,0.000000,0.000000,1.000000,0.000000,0.000000,0.530303,0.087558,1.000000,0.000000,0.000000,0.000000,0.000000,0.000000,0.000000,1.000000,0.000000,0.000000,0.136364,0.156682,0.000000,0.000000,1.000000,0.000000,0.000000,0.000000,0.000000,1.000000,0.000000,0.000000,0.545455,0.092166,1.000000,0.000000,0.000000,0.000000,0.000000,0.000000,1.000000,0.000000,0.000000,0.000000,0.287879,0.142857,0.000000,1.000000,0.000000,0.000000,0.000000,0.000000,0.000000,1.000000,0.000000,0.000000,0.590909,0.069124,0.000000,0.000000,1.000000,0.000000,0.000000,1.000000,0.000000,0.000000,0.000000,0.000000,0.242424,0.133641,1.000000,0.000000,0.000000,0.000000,0.000000,0.000000,0.000000,1.000000,0.000000,0.000000,0.621212,0.069124,1.000000,0.000000,0.000000,0.000000,0.000000,0.000000,0.000000,1.000000,0.000000,0.000000,0.151515,0.156682,0.000000,0.000000,1.000000,0.000000,0.000000,0.000000,1.000000,0.000000,0.000000,0.000000,0.515152,0.082949,1.000000,0.000000,0.000000,0.000000,0.000000,0.000000,0.000000,1.000000,0.000000,0.000000,0.257576,0.119816,0.000000,0.000000,1.000000,0.000000,0.000000,0.000000,1.000000,0.000000,0.000000,0.000000,0.590909,0.069124,1.000000,0.000000,0.000000,0.000000,0.000000,0.000000,0.000000,1.000000,0.000000,0.000000,0.136364,0.156682,0.000000,0.000000,1.000000,0.000000,0.000000,0.000000,1.000000,0.000000,0.000000,0.000000,0.575758,0.069124,1.000000,0.000000,0.000000,0.000000,0.000000,0.000000,1.000000,0.000000,0.000000,0.000000,0.121212,0.147465,0.000000,1.000000,0.000000,0.000000,0.000000,0.000000,0.000000,1.000000,0.000000,0.000000,0.393939,0.092166,0.000000,0.000000,1.000000,0.000000,0.000000,0.000000,1.000000,0.000000,0.000000,0.000000,0.651515,0.064516,1.000000,0.000000,0.000000,0.000000,0.000000,0.000000,0.000000,1.000000,0.000000,0.000000,0.242424,0.133641,0.000000,0.000000,1.000000,0.000000,0.000000,0.000000,1.000000,0.000000,0.000000,0.000000,0.560606,0.078341,1.000000,0.000000,0.000000,0.000000,0.000000,0.000000,0.000000,1.000000,0.000000,0.000000,0.015152,0.230415,0.000000,0.000000,1.000000,0.000000,0.000000,0.000000,1.000000,0.000000,0.000000,0.000000,0.333333,0.105991,0.000000,1.000000,0.000000,0.000000,0.000000,1.000000,0.000000,0.000000,0.000000,0.000000,0.757576,0.013825,1.000000,0.000000,0.000000,0.000000,0.000000,0.000000,1.000000,0.000000,0.000000,0.000000,0.151515,0.156682,0.000000,1.000000,0.000000,0.000000,0.000000,0.000000,0.000000,1.000000,0.000000,0.000000,0.363636,0.119816,0.000000,0.000000,1.000000,0.000000,0.000000,0.000000,1.000000,0.000000,0.000000,0.000000,0.636364,0.069124,1.000000,0.000000,0.000000,0.000000,0.000000,0.000000,0.000000,1.000000,0.000000,0.000000,0.075758,0.211982,0.000000,0.000000,1.000000,0.000000,0.000000,0.000000,0.000000,1.000000,0.000000,0.000000,0.590909,0.069124,0.000000,1.000000,0.000000,0.000000,0.000000,0.000000,0.000000,1.000000,0.000000,0.000000,0.257576,0.119816,0.000000,0.000000,1.000000,0.000000,0.000000,0.000000,0.000000,1.000000,0.000000,0.000000,0.545455,0.092166,0.000000,1.000000,0.000000,0.000000,0.000000,0.000000,0.000000,1.000000,0.000000,0.000000,0.328571,0.963134,0.000000,0.000000,1.000000,0.000000,0.000000,0.000000,1.000000,0.000000,0.000000,0.000000,0.728571,0.852535,0.000000,1.000000,0.000000,0.000000,0.000000,0.000000,0.000000,1.000000,0.000000,0.000000,0.242857,0.990783,0.000000,0.000000,1.000000,0.000000,0.000000,0.000000,1.000000,0.000000,0.000000,0.000000,0.628571,0.903226,0.000000,0.000000,1.000000,0.000000,0.000000,0.000000,1.000000,0.000000,0.000000,0.000000,0.342857,0.963134,0.000000,1.000000,0.000000,0.000000,0.000000,0.000000,1.000000,0.000000,0.000000,0.000000,0.600000,0.907834,0.000000,1.000000,0.000000,0.000000,0.000000,0.000000,0.000000,1.000000,0.000000,0.000000,0.228571,0.995392,0.000000,0.000000,1.000000,0.000000,0.000000,0.000000,1.000000,0.000000,0.000000,0.000000,0.700000,0.857143,0.000000,1.000000,0.000000,0.000000,0.000000,0.000000,0.000000,1.000000,0.000000,0.000000,0.257143,0.930876,0.000000,0.000000,1.000000,0.000000,0.000000,0.000000,1.000000,0.000000,0.000000,0.000000,0.600000,0.907834,0.000000,0.000000,1.000000,0.000000,0.000000,0.000000,1.000000,0.000000,0.000000,0.000000,0.400000,0.907834,0.000000,1.000000,0.000000,0.000000,0.000000,0.000000,1.000000,0.000000,0.000000,0.000000,0.657143,0.884793,0.000000,1.000000,0.000000,0.000000,0.000000,0.000000,0.000000,1.000000,0.000000,0.000000,0.242857,0.930876,0.000000,0.000000,1.000000,0.000000,0.000000,0.000000,0.000000,1.000000,0.000000,0.000000,0.614286,0.907834,1.000000,0.000000,0.000000,0.000000,0.000000,0.000000,0.000000,1.000000,0.000000,0.000000,0.214286,1.000000,0.000000,0.000000,1.000000,0.000000,0.000000,0.000000,0.000000,1.000000,0.000000,0.000000,0.628571,0.903226,0.000000,1.000000,0.000000,0.000000,0.000000,0.000000,0.000000,1.000000,0.000000,0.000000,0.285714,0.958525,0.000000,0.000000,1.000000,0.000000,0.000000,0.000000,0.000000,1.000000,0.000000,0.000000,0.614286,0.907834,1.000000,0.000000,0.000000,0.000000,0.000000,0.000000,0.000000,1.000000,0.000000,0.000000,0.128571,0.990783,0.000000,0.000000,1.000000,0.000000,0.000000,0.000000,0.000000,1.000000,0.000000,0.000000,0.485714,0.926267,0.000000,1.000000,0.000000,0.000000,0.000000,0.000000,0.000000,1.000000,0.000000,0.000000,0.114286,0.958525,0.000000,0.000000,1.000000,0.000000,0.000000,0.000000,0.000000,1.000000,0.000000,0.000000,0.442857,0.912442,0.000000,1.000000,0.000000,0.000000,0.000000,0.000000,0.000000,1.000000,0.000000,0.000000,0.128571,0.990783,0.000000,0.000000,1.000000,0.000000,0.000000,0.000000,0.000000,1.000000,0.000000,0.000000,0.571429,0.875576,0.000000,1.000000,0.000000,0.000000,0.000000,0.000000,0.000000,1.000000,0.000000,0.000000,0.257143,0.930876,0.000000,0.000000,1.000000,0.000000,0.000000,0.000000,1.000000,0.000000,0.000000,0.000000,0.414286,0.926267,0.000000,1.000000,0.000000,0.000000,0.000000,0.000000,0.000000,1.000000,0.000000,0.000000,0.228571,0.995392,0.000000,0.000000,1.000000,0.000000,0.000000,0.000000,0.000000,1.000000,0.000000,0.000000,0.542857,0.875576,1.000000,0.000000,0.000000,0.000000,0.000000,0.000000,0.000000,1.000000,0.000000,0.000000,0.128571,0.990783,0.000000,0.000000,1.000000,0.000000,0.000000,0.000000,1.000000,0.000000,0.000000,0.000000,0.628571,0.903226,0.000000,1.000000,0.000000,0.000000,0.000000,0.000000,0.000000,1.000000,0.000000,0.000000,0.142857,0.972350,0.000000,0.000000,1.000000,0.000000,0.000000,0.000000,0.000000,1.000000,0.000000,0.000000,0.542857,0.875576,0.000000,1.000000,0.000000,0.000000,0.000000,0.000000,0.000000,1.000000,0.000000,0.000000,0.200000,0.953917,0.000000,0.000000,1.000000,0.000000,0.000000,0.000000,0.000000,1.000000,0.000000,0.000000,0.585714,0.907834,0.000000,1.000000,0.000000,0.000000,0.000000,0.000000,0.000000,1.000000,0.000000,0.000000,0.185714,0.963134,0.000000,0.000000,1.000000,0.000000,0.000000,0.000000,0.000000,1.000000,0.000000,0.000000,0.485714,0.926267,0.000000,1.000000,0.000000,0.000000,0.000000,0.000000,0.000000,1.000000,0.000000,0.000000,0.392157,0.732719,0.000000,1.000000,0.000000,0.000000,0.000000,0.000000,0.000000,1.000000,0.000000,0.000000,0.196078,0.714286,0.000000,0.000000,1.000000,0.000000,0.000000,0.000000,1.000000,0.000000,0.000000,0.000000,0.607843,0.654378,0.000000,1.000000,0.000000,0.000000,0.000000,0.000000,0.000000,1.000000,0.000000,0.000000,0.411765,0.718894,0.000000,1.000000,0.000000,0.000000,0.000000,0.000000,0.000000,1.000000,0.000000,0.000000,0.411765,0.718894,0.000000,1.000000,0.000000,0.000000,0.000000,0.000000,0.000000,1.000000,0.000000,0.000000,0.392157,0.732719,0.000000,1.000000,0.000000,0.000000,0.000000,0.000000,0.000000,1.000000,0.000000,0.000000,0.392157,0.732719,0.000000,1.000000,0.000000,0.000000,0.000000,0.000000,0.000000,1.000000,0.000000,0.000000,0.274510,0.705069,0.000000,0.000000,1.000000,0.000000,0.000000,0.000000,1.000000,0.000000,0.000000,0.000000,0.235294,0.705069,0.000000,1.000000,0.000000,0.000000,0.000000,0.000000,1.000000,0.000000,0.000000,0.000000,0.647059,0.654378,0.000000,1.000000,0.000000,0.000000,0.000000,0.000000,0.000000,1.000000,0.000000,0.000000,0.294118,0.714286,0.000000,1.000000,0.000000,0.000000,0.000000,0.000000,0.000000,1.000000,0.000000,0.000000,0.215686,0.686636,0.000000,0.000000,1.000000,0.000000,0.000000,0.000000,1.000000,0.000000,0.000000,0.000000,0.647059,0.649770,0.000000,1.000000,0.000000,0.000000,0.000000,0.000000,0.000000,1.000000,0.000000,0.000000,0.274510,0.705069,0.000000,0.000000,1.000000,0.000000,0.000000,0.000000,1.000000,0.000000,0.000000,0.000000,0.764706,0.663595,0.000000,1.000000,0.000000,0.000000,0.000000,0.000000,0.000000,1.000000,0.000000,0.000000,0.470588,0.695853,0.000000,1.000000,0.000000,0.000000,0.000000,0.000000,0.000000,1.000000,0.000000,0.000000,0.431373,0.705069,0.000000,1.000000,0.000000,0.000000,0.000000,0.000000,0.000000,1.000000,0.000000,0.000000,0.254902,0.705069,0.000000,0.000000,1.000000,0.000000,0.000000,0.000000,1.000000,0.000000,0.000000,0.000000,0.647059,0.649770,0.000000,0.000000,1.000000,0.000000,0.000000,0.000000,1.000000,0.000000,0.000000,0.000000,0.529412,0.672811,0.000000,1.000000,0.000000,0.000000,0.000000,0.000000,0.000000,1.000000,0.000000,0.000000,0.372549,0.732719,0.000000,1.000000,0.000000,0.000000,0.000000,0.000000,0.000000,1.000000,0.000000,0.000000,0.372549,0.732719,0.000000,0.000000,1.000000,0.000000,0.000000,0.000000,1.000000,0.000000,0.000000,0.000000,0.490196,0.700461,0.000000,1.000000,0.000000,0.000000,0.000000,0.000000,0.000000,1.000000,0.000000,0.000000,0.450980,0.700461,0.000000,0.000000,1.000000,0.000000,0.000000,0.000000,1.000000,0.000000,0.000000,0.000000,0.803922,0.649770
@training_labels shape=253,1 dtype=f32 data=0.245631,0.269529,0.305713,0.268969,0.262509,0.245034,0.274197,0.301046,0.266057,0.250261,0.253211,0.288200,0.257842,0.294063,0.297535,0.272965,0.288760,0.285250,0.276550,0.271285,0.280620,0.281180,0.249104,0.299291,0.272442,0.267774,0.253211,0.301643,0.285288,0.463219,0.312099,0.748544,0.350037,0.271285,0.887416,1.000000,0.561240,0.605041,0.588648,0.579350,0.485997,0.515161,0.258999,0.259597,0.254369,0.243876,0.345967,0.249104,0.284690,0.294623,0.117252,0.111426,0.110232,0.341299,0.087491,0.128342,0.124869,0.119604,0.126587,0.137677,0.136520,0.148170,0.132450,0.141748,0.114937,0.436968,0.135325,0.124832,0.113181,0.116094,0.142345,0.162733,0.152240,0.510493,0.000000,0.002875,0.026214,0.053099,0.048992,0.114339,0.014563,0.019231,0.044884,0.154033,0.015758,0.023898,0.053062,0.147573,0.078753,0.064152,0.113144,0.095668,0.128342,0.103249,0.203025,0.121322,0.202427,0.124832,0.493577,0.103249,0.125429,0.167999,0.260194,0.098581,0.098581,0.096863,0.158066,0.101494,0.135922,0.128342,0.173264,0.120762,0.121359,0.252614,0.229873,0.457431,0.264899,0.557767,0.240963,0.422965,0.278865,0.242718,0.303361,0.241524,0.298096,0.258439,0.238611,0.366393,0.298693,0.242718,0.593353,0.235661,0.347125,0.313891,0.288237,0.553659,0.634205,0.295183,0.307431,0.259597,0.257282,0.586893,0.252016,0.333122,0.243279,0.422405,0.491262,0.472554,0.303958,0.169791,0.173264,0.181404,0.186669,0.169193,0.161576,0.149328,0.137080,0.170351,0.174981,0.170948,0.211763,0.168596,0.193689,0.165683,0.238013,0.212360,0.189582,0.210045,0.221098,0.153435,0.198357,0.164526,0.161613,0.173861,0.190179,0.178491,0.160456,0.179686,0.204780,0.252614,0.209410,0.217028,0.747386,0.189582,0.161016,0.162771,0.259634,0.169791,0.224608,0.236856,0.191337,0.231591,0.137677,0.145818,0.142943,0.141748,0.155190,0.118969,0.158103,0.149925,0.128342,0.159261,0.154593,0.146415,0.400784,0.138237,0.137677,0.160978,0.193092,0.238013,0.157506,0.175579,0.163331,0.149925,0.163368,0.212360,0.159261,0.166841,0.190777,0.159261,0.315049,0.128342,0.427633,0.191337,0.186669,0.166281,0.234503,0.167438,0.245034,0.360568,0.259634,0.228678,0.265459,0.230433,0.297535,0.260792,0.260232,0.263704,0.247349,0.249104,0.306311,0.312136,0.246789,0.243316,0.223450,0.249701,0.245034,0.243279,0.278305,0.239806,0.259037,0.239768,0.525691

; Prediction example — edit to test different scenarios
@predict_input shape=1,12 dtype=f32 data=1.000000,0.000000,0.000000,0.000000,0.000000,0.000000,0.000000,1.000000,0.000000,0.000000,0.491228,0.442396
